30.0 43.0 22.5 48.0 14.5 26.5 49.0 49.0 33.0 60.5 54.0 34.5 20.0 22.0 60.5 10.0 20.0 69.0 6.0 40.0
43.0 8.0 54.5 54.0 19.5 96.0 88.5 73.5 16.0 29.0 92.0 57.0 54.0 84.0 40.5 27.0 64.0 56.5 75.0 74.5
22.5 54.5 88.0 46.5 24.0 50.0 40.0 79.5 70.0 55.0 46.5 49.5 61.5 92.5 51.5 40.5 33.5 45.0 42.0 56.0
48.0 54.0 46.5 61.0 61.0 56.5 77.0 78.5 21.5 69.5 59.5 17.0 62.0 23.0 44.5 78.5 68.0 59.5 18.0 50.0
14.5 19.5 24.0 61.0 46.0 42.5 62.5 65.5 50.5 30.5 49.5 32.5 50.0 13.0 35.5 22.0 69.5 76.5 19.0 93.5
26.5 96.0 50.0 56.5 42.5 63.0 61.0 11.5 50.5 41.5 69.0 65.0 30.0 50.5 13.0 55.5 82.0 36.5 62.0 55.5
49.0 88.5 40.0 77.0 62.5 61.0 94.0 76.5 45.0 66.5 78.0 91.5 61.0 59.5 59.0 17.5 42.5 60.0 57.5 52.5
49.0 73.5 79.5 78.5 65.5 11.5 76.5 90.0 71.0 52.5 80.5 83.0 59.0 52.0 74.0 59.0 54.0 2.0 29.5 53.0
33.0 16.0 70.0 21.5 50.5 50.5 45.0 71.0 64.0 50.0 40.0 31.0 46.5 98.0 74.5 54.5 87.0 27.0 53.0 44.0
60.5 29.0 55.0 69.5 30.5 41.5 66.5 52.5 50.0 94.0 46.5 59.0 81.0 70.0 40.0 31.5 54.5 50.5 26.0 50.0
54.0 92.0 46.5 59.5 49.5 69.0 78.0 80.5 40.0 46.5 38.0 43.0 46.0 43.0 53.0 22.5 71.0 65.5 47.5 33.0
34.5 57.0 49.5 17.0 32.5 65.0 91.5 83.0 31.0 59.0 43.0 90.0 35.0 76.0 37.5 74.0 62.5 58.5 18.0 44.5
20.0 54.0 61.5 62.0 50.0 30.0 61.0 59.0 46.5 81.0 46.0 35.0 6.0 38.0 32.0 21.5 83.0 52.5 52.0 30.5
22.0 84.0 92.5 23.0 13.0 50.5 59.5 52.0 98.0 70.0 43.0 76.0 38.0 83.0 58.5 85.0 23.5 59.5 30.5 62.0
60.5 40.5 51.5 44.5 35.5 13.0 59.0 74.0 74.5 40.0 53.0 37.5 32.0 58.5 89.0 78.5 94.0 31.0 70.5 34.5
10.0 27.0 40.5 78.5 22.0 55.5 17.5 59.0 54.5 31.5 22.5 74.0 21.5 85.0 78.5 0.0 38.5 45.0 52.0 66.5
20.0 64.0 33.5 68.0 69.5 82.0 42.5 54.0 87.0 54.5 71.0 62.5 83.0 23.5 94.0 38.5 50.0 68.5 78.0 21.5
69.0 56.5 45.0 59.5 76.5 36.5 60.0 2.0 27.0 50.5 65.5 58.5 52.5 59.5 31.0 45.0 68.5 2.0 56.5 42.0
6.0 75.0 42.0 18.0 19.0 62.0 57.5 29.5 53.0 26.0 47.5 18.0 52.0 30.5 70.5 52.0 78.0 56.5 22.0 56.0
40.0 74.5 56.0 50.0 93.5 55.5 52.5 53.0 44.0 50.0 33.0 44.5 30.5 62.0 34.5 66.5 21.5 42.0 56.0 37.0
